x <- 1:10
3*5
1+1